0.000000000000000000e+00 4.119552000000001435e+00 1.311803900000000667e+01 9.242841000000002083e+00 1.166279099999999502e+01 7.839548999999999879e+00 6.878703559999998163e+01 1.065128160000000577e+02 5.037386100000000511e+01 4.230402299999999371e+01 2.775075800000001180e+01 4.023909900000000306e+01 5.090709700000000737e+01 4.186424800000000346e+01 1.003655199999999326e+01 3.923779299999999637e+01 1.363023300000000582e+01 5.332907800000000975e+00 3.821171900000002353e+01 5.723843499999999551e+01 2.146861500000000689e+01 3.318279230000000979e+01 4.038309800000000394e+01 8.423146400000001677e+01 1.223885900000000859e+01 3.925253199999998799e+01 4.046528780000001291e+01 3.910987719999999968e+01 5.400618900000002753e+01 6.138911900000000799e+01 2.828595500000000129e+01 7.145114990000004696e+01 4.800160900000000908e+01 1.418004850000001227e+01 6.256777599999996831e+00 6.011890000000002843e+00 6.578101699999999141e+01 9.800867999999999469e+00 8.166991299999989451e+01 6.066981799999998515e+01 8.222626999999999242e+00 3.992134950000001226e+01 3.214994500000000244e+01 3.562082920000000996e+01 5.804219540000003263e+01 6.425189999999999735e+00 9.775711000000006479e+00 1.378104399999999430e+01 7.397389000000005765e+00 7.544350659999997788e+01
4.119552000000001435e+00 0.000000000000000000e+00 1.574483999999999995e+01 1.086461499999999702e+01 7.473147000000003537e+00 5.056192000000000242e+00 6.747839360000000397e+01 1.149954660000000644e+02 5.200188100000001867e+01 4.371536500000001979e+01 2.863116399999998762e+01 4.203520100000000070e+01 5.222709500000001981e+01 4.280076400000000802e+01 6.029750000000000831e+00 3.991901700000000375e+01 1.626201299999999605e+01 5.747727800000001608e+00 3.946740899999999641e+01 5.667917899999999776e+01 2.371616899999999362e+01 3.413577029999999723e+01 4.119997599999997107e+01 8.238983199999999840e+01 1.030461099999999774e+01 3.899606400000001827e+01 4.284439980000001924e+01 4.006272280000001018e+01 5.387848899999997343e+01 6.140981300000000687e+01 2.887586100000000044e+01 7.280520489999997835e+01 4.567704100000000267e+01 1.603606449999999839e+01 2.868485600000000524e+00 5.181308000000003133e+00 6.661386900000005085e+01 6.486038000000002413e+00 8.095718400000001225e+01 6.075722799999998358e+01 1.059049700000000627e+01 4.152341150000002301e+01 3.314321500000000498e+01 3.620260680000001230e+01 5.712052600000006919e+01 5.607579999999996900e+00 9.747748999999998887e+00 1.720053600000000316e+01 8.909215000000001439e+00 7.571645339999997759e+01
1.311803900000000667e+01 1.574483999999999995e+01 0.000000000000000000e+00 5.350319000000002490e+00 1.892546100000001630e+01 1.429633399999999810e+01 5.984665259999999165e+01 1.052927220000000119e+02 4.621224799999998822e+01 3.490065699999999538e+01 2.055545199999999895e+01 3.384458199999999550e+01 4.218327899999997754e+01 3.474988400000000155e+01 2.027663900000001362e+01 3.097058600000000084e+01 6.205934000000000950e+00 1.631769299999999845e+01 3.011364100000000832e+01 5.031469799999998571e+01 1.071490599999999738e+01 2.644861469999998604e+01 3.331847899999999640e+01 7.483831299999998521e+01 1.552084399999999320e+01 3.277069900000001468e+01 3.319880220000000293e+01 3.176464580000000026e+01 5.097865200000000385e+01 5.315429100000001483e+01 1.959039500000000089e+01 6.603248200000004431e+01 4.160578099999995771e+01 3.676471499999999892e+00 1.701439700000000244e+01 1.477291900000000702e+01 5.842366399999998094e+01 1.801020799999998445e+01 7.496134600000000603e+01 5.320980299999996532e+01 5.922390000000000931e+00 3.176329449999999710e+01 2.537549100000000024e+01 2.783700779999999142e+01 4.996000360000000029e+01 1.505482000000000298e+01 1.395755800000000413e+01 1.284439600000000148e+01 1.005881299999999712e+01 6.804660440000002097e+01
9.242841000000002083e+00 1.086461499999999702e+01 5.350319000000002490e+00 0.000000000000000000e+00 1.692891600000000807e+01 1.097628300000000401e+01 5.987607999999998754e+01 1.090303149999999874e+02 4.568510800000001382e+01 3.583877199999999164e+01 2.160199599999999265e+01 3.430274400000001123e+01 4.350520600000003668e+01 3.579005699999999734e+01 1.638281900000000491e+01 3.160063399999999589e+01 1.006179200000000407e+01 1.504936100000000643e+01 3.056849599999999612e+01 4.895899399999999702e+01 1.411212599999999284e+01 2.719197469999998873e+01 3.404175300000000703e+01 7.621672900000001505e+01 1.272765400000000469e+01 3.308263099999999923e+01 3.408915319999999838e+01 3.248428780000001836e+01 4.996038800000002311e+01 5.452605799999997771e+01 2.089625800000000311e+01 6.663602510000002610e+01 4.141880599999999646e+01 4.620872499999999938e+00 1.445115480000000474e+01 1.127833099999999611e+01 5.901652200000000903e+01 1.458512299999999939e+01 7.560547500000001264e+01 5.406988500000001352e+01 5.027648000000001893e+00 3.296746350000000092e+01 2.563093000000000288e+01 2.879006180000001081e+01 4.947722699999999207e+01 1.033575300000000219e+01 8.721538000000000679e+00 1.404128899999999724e+01 8.077599999999995006e+00 6.765491600000007111e+01
1.166279099999999502e+01 7.473147000000003537e+00 1.892546100000001630e+01 1.692891600000000807e+01 0.000000000000000000e+00 1.116871600000000520e+01 7.100018600000001356e+01 1.007297269999999969e+02 5.821848999999996721e+01 4.924149800000000710e+01 3.442891199999999685e+01 4.734068400000001020e+01 5.552823399999997633e+01 4.835642300000001370e+01 4.187866999999999784e+00 4.604236399999999918e+01 2.408243400000000278e+01 9.998517200000001992e+00 4.641620000000001056e+01 6.287279199999997559e+01 2.753393299999999755e+01 4.071754869999999471e+01 4.655316699999999486e+01 8.236487500000004047e+01 9.706790000000001584e+00 4.738670899999996777e+01 4.793444919999998177e+01 4.683309119999999837e+01 6.267198800000001313e+01 6.597021799999998848e+01 3.343403200000001618e+01 7.576447110000000862e+01 5.473166400000003051e+01 1.954231849999998971e+01 5.647729399999998456e+00 8.848055000000000447e+00 6.919117399999997531e+01 5.951748999999999512e+00 8.186331800000000669e+01 6.589077899999998067e+01 1.945518599999999765e+01 4.640468749999997300e+01 3.942264000000002255e+01 4.128238719999998096e+01 6.303208899999999915e+01 1.122860499999999462e+01 1.242553599999999747e+01 2.124520699999998996e+01 1.173049999999999748e+01 7.848174560000001065e+01
7.839548999999999879e+00 5.056192000000000242e+00 1.429633399999999810e+01 1.097628300000000401e+01 1.116871600000000520e+01 0.000000000000000000e+00 6.556107539999996447e+01 8.991226500000010446e+01 4.957329999999998904e+01 4.228432599999999297e+01 2.808689899999998829e+01 4.078761000000000081e+01 5.064964900000004633e+01 4.145402599999998472e+01 7.383174999999997823e+00 3.936782900000000751e+01 1.644081200000000820e+01 7.406374999999997932e+00 3.829441799999998608e+01 5.664416200000001567e+01 2.278459000000001211e+01 3.338561130000000787e+01 4.048471999999998161e+01 8.150257299999992711e+01 1.507923400000000669e+01 3.753256700000000023e+01 4.110932619999999815e+01 3.952746819999999417e+01 5.337626600000001531e+01 6.094815499999998565e+01 2.789572599999998559e+01 7.074274890000003779e+01 4.563061299999999676e+01 1.448639849999999107e+01 6.787868999999998820e+00 6.006943999999994510e+00 6.443123200000005113e+01 5.833499000000002432e+00 8.132784799999990355e+01 6.002725700000000586e+01 1.009168499999999646e+01 4.045817349999999379e+01 3.206456000000000728e+01 3.570315419999998596e+01 5.673744840000001233e+01 3.208205000000000418e+00 8.844570999999998406e+00 2.013151799999999270e+01 9.369363999999995585e+00 7.344006659999996600e+01
6.878703559999998163e+01 6.747839360000000397e+01 5.984665259999999165e+01 5.987607999999998754e+01 7.100018600000001356e+01 6.556107539999996447e+01 0.000000000000000000e+00 5.082106840000000858e+01 2.466711540000000014e+01 2.277214800000000494e+01 4.444390700000002425e+01 2.741739540000001440e+01 2.122541800000001189e+01 2.301805699999999177e+01 7.031620240000002298e+01 2.772980859999998771e+01 5.642115260000002053e+01 7.028998659999999177e+01 3.155072599999999383e+01 1.746285660000000561e+01 5.270805940000001044e+01 3.867482330000000701e+01 2.314252760000001174e+01 3.147059159999998457e+01 6.726871640000000241e+01 3.560963760000000633e+01 2.690955319999999773e+01 2.857544719999998861e+01 2.066180460000000352e+01 1.079750259999999429e+01 4.426977600000000734e+01 1.280785569999999929e+01 3.278185660000001178e+01 5.982889250000001624e+01 6.916795739999996329e+01 6.696340559999998732e+01 5.913687400000004146e+00 6.849636420000001635e+01 2.795330139999999375e+01 1.294385640000001025e+01 6.260485059999998469e+01 2.551048549999999793e+01 3.839427839999999748e+01 2.662785119999999495e+01 1.744593100000001229e+01 6.731185440000002984e+01 6.402190459999999916e+01 7.004495839999997031e+01 6.570309460000000001e+01 1.507605779999999740e+01
1.065128160000000577e+02 1.149954660000000644e+02 1.052927220000000119e+02 1.090303149999999874e+02 1.007297269999999969e+02 8.991226500000010446e+01 5.082106840000000858e+01 0.000000000000000000e+00 7.468934500000007404e+01 6.424930100000001687e+01 9.690543399999991436e+01 7.186399500000001694e+01 5.273222100000000268e+01 7.174189400000003047e+01 8.877718800000008059e+01 7.206614100000000178e+01 8.165474700000011410e+01 1.027828482000000321e+02 6.766310299999999245e+01 6.168669300000001243e+01 8.696935499999999308e+01 7.165147370000009630e+01 6.269820200000003751e+01 2.174856400000000178e+01 1.092313650000000393e+02 9.339796799999997745e+01 6.817944819999996753e+01 6.778351120000002084e+01 6.389335299999998341e+01 4.433342699999999326e+01 7.445064299999997104e+01 3.940762010000000259e+01 6.474231299999998157e+01 9.768467350000004501e+01 1.112561263999999284e+02 8.765749600000010844e+01 5.008222700000000316e+01 1.100906640000000039e+02 2.880275699999999617e+01 5.929012200000000377e+01 9.862518299999997851e+01 6.570385250000001065e+01 8.838506100000006427e+01 6.480374720000000366e+01 7.034868200000002503e+01 8.806767800000000079e+01 8.570427700000004734e+01 1.013374700000000246e+02 8.463435500000007039e+01 4.369063059999998444e+01
5.037386100000000511e+01 5.200188100000001867e+01 4.621224799999998822e+01 4.568510800000001382e+01 5.821848999999996721e+01 4.957329999999998904e+01 2.466711540000000014e+01 7.468934500000007404e+01 0.000000000000000000e+00 1.322618199999999433e+01 2.294791699999999679e+01 1.232024700000000017e+01 8.903110000000003410e+00 1.482087899999999792e+01 5.556946300000002026e+01 1.378685599999999312e+01 4.290052800000000133e+01 5.092247099999998738e+01 1.241874799999999901e+01 7.805462000000000344e+00 3.298239000000001653e+01 1.845148970000001398e+01 1.525084500000000354e+01 4.986511699999999792e+01 5.416511399999996712e+01 1.493949699999999048e+01 1.220758119999999813e+01 1.206722219999999979e+01 7.470918000000004611e+00 1.803006000000002018e+01 2.263109599999999233e+01 3.506361909999999682e+01 6.473012000000002431e+00 4.474597249999997928e+01 5.541950540000001268e+01 5.148388499999999368e+01 1.733773200000000614e+01 5.495636899999997382e+01 4.640248799999996976e+01 1.264131699999999370e+01 4.311438800000000526e+01 1.315969349999999238e+01 1.700622699999999554e+01 1.470092419999999223e+01 9.491978400000002480e+00 4.942595499999999475e+01 4.776476399999997113e+01 5.379784700000001152e+01 5.011406200000005384e+01 3.609066560000000123e+01
4.230402299999999371e+01 4.371536500000001979e+01 3.490065699999999538e+01 3.583877199999999164e+01 4.924149800000000710e+01 4.228432599999999297e+01 2.277214800000000494e+01 6.424930100000001687e+01 1.322618199999999433e+01 0.000000000000000000e+00 2.061530600000002522e+01 4.342497000000002494e+00 1.210585799999999956e+01 2.666755000000000209e+00 4.922504099999999738e+01 5.101840000000001929e+00 3.225290400000000091e+01 4.508217299999996897e+01 8.364181999999997785e+00 1.440327499999999894e+01 2.605384599999999651e+01 1.602077370000000656e+01 3.065603000000002520e+00 5.006117099999995190e+01 4.529174499999999881e+01 1.173777300000000068e+01 4.685185199999999384e+00 5.358934200000001979e+00 1.594693600000000089e+01 2.073847399999998942e+01 2.051710800000000035e+01 3.273361599999998361e+01 1.624176699999999940e+01 3.456655450000000229e+01 4.551470339999999482e+01 4.281074899999996575e+01 2.031211699999998999e+01 4.590503499999999093e+01 4.507320000000002835e+01 1.668339499999999376e+01 3.505369500000000471e+01 3.630761500000000197e+00 1.469272300000000442e+01 8.292910200000001453e+00 1.783214900000000114e+01 4.262905099999998981e+01 3.949125000000001506e+01 4.515801300000000396e+01 4.241682000000001551e+01 3.369026160000001369e+01
2.775075800000001180e+01 2.863116399999998762e+01 2.055545199999999895e+01 2.160199599999999265e+01 3.442891199999999685e+01 2.808689899999998829e+01 4.444390700000002425e+01 9.690543399999991436e+01 2.294791699999999679e+01 2.061530600000002522e+01 0.000000000000000000e+00 1.758832899999999455e+01 2.882122900000000598e+01 2.060159800000000985e+01 3.314175000000000182e+01 1.639435500000000445e+01 1.930059900000000539e+01 3.164417800000000369e+01 1.347874500000000708e+01 2.831821000000000410e+01 1.151787700000000569e+01 1.084632429999999914e+01 1.963506799999998265e+01 6.904032599999999320e+01 3.225297899999999629e+01 1.963341600000000753e+01 1.796559419999998752e+01 1.630169919999999451e+01 2.497816299999999501e+01 4.061967900000000498e+01 7.799953000000008352e+00 5.499142089999998007e+01 2.134855799999999704e+01 2.009957949999999727e+01 3.040963599999999190e+01 2.894564600000001064e+01 4.216160900000000566e+01 3.030867000000000644e+01 6.608207699999999818e+01 3.349548199999997422e+01 2.275546699999999234e+01 1.852346050000000233e+01 6.832763000000006137e+00 1.224090519999998783e+01 2.810183200000000880e+01 2.681537200000000709e+01 2.359943200000000729e+01 3.244929800000000597e+01 2.691018199999999538e+01 5.628178659999998956e+01
4.023909900000000306e+01 4.203520100000000070e+01 3.384458199999999550e+01 3.430274400000001123e+01 4.734068400000001020e+01 4.078761000000000081e+01 2.741739540000001440e+01 7.186399500000001694e+01 1.232024700000000017e+01 4.342497000000002494e+00 1.758832899999999455e+01 0.000000000000000000e+00 1.360338199999999631e+01 3.541949000000000680e+00 4.815176299999998122e+01 3.469912000000000774e+00 3.084699200000000729e+01 4.335267299999998869e+01 5.173502000000000045e+00 1.384139299999998762e+01 2.360793600000002002e+01 1.293590729999999667e+01 3.497486999999996016e+00 5.384749899999999201e+01 4.348008999999997570e+01 9.872480999999998730e+00 2.779140799999999079e+00 3.541048200000002311e+00 1.340762300000000629e+01 2.273102399999998369e+01 1.834263999999999228e+01 3.648418389999999079e+01 1.497521800000000880e+01 3.302394349999998724e+01 4.435954999999998449e+01 4.124886499999998790e+01 2.160343900000002293e+01 4.409440899999999885e+01 4.892503400000001790e+01 1.555352099999998927e+01 3.381380600000000669e+01 3.473020499999997845e+00 1.144007599999999591e+01 6.141134200000003318e+00 1.529634440000000772e+01 4.095535299999999523e+01 3.797351999999996508e+01 4.356927300000001679e+01 4.014510800000002178e+01 3.815959759999999079e+01
5.090709700000000737e+01 5.222709500000001981e+01 4.218327899999997754e+01 4.350520600000003668e+01 5.552823399999997633e+01 5.064964900000004633e+01 2.122541800000001189e+01 5.273222100000000268e+01 8.903110000000003410e+00 1.210585799999999956e+01 2.882122900000000598e+01 1.360338199999999631e+01 0.000000000000000000e+00 1.124095499999999781e+01 5.594425499999996987e+01 1.293782200000000238e+01 3.838363599999999565e+01 5.430343099999998913e+01 1.612354199999998627e+01 1.492730199999999918e+01 3.303171400000000801e+01 2.195913029999998045e+01 1.231685699999999350e+01 4.438180900000000406e+01 5.169041200000000913e+01 1.716550499999998181e+01 1.485159919999999012e+01 1.516403420000000324e+01 1.619528000000000034e+01 1.212703799999999887e+01 2.646734600000001336e+01 2.935036489999998821e+01 1.147660299999999189e+01 4.193559249999994165e+01 5.497971999999999326e+01 5.257351100000001765e+01 1.801065199999999322e+01 5.429046499999995490e+01 4.060274699999997949e+01 1.840596499999999835e+01 4.481285999999999348e+01 1.332938199999999362e+01 2.184237800000000362e+01 1.462861819999999646e+01 1.773240499999999287e+01 4.998367900000001640e+01 4.933354800000003593e+01 5.046039099999998001e+01 4.944153599999999926e+01 3.175772499999998999e+01
4.186424800000000346e+01 4.280076400000000802e+01 3.474988400000000155e+01 3.579005699999999734e+01 4.835642300000001370e+01 4.145402599999998472e+01 2.301805699999999177e+01 7.174189400000003047e+01 1.482087899999999792e+01 2.666755000000000209e+00 2.060159800000000985e+01 3.541949000000000680e+00 1.124095499999999781e+01 0.000000000000000000e+00 4.872028000000000247e+01 4.404063000000003392e+00 3.282603900000000863e+01 4.485019000000001199e+01 7.698348999999999442e+00 1.492607700000001003e+01 2.629046700000001380e+01 1.544723570000000201e+01 2.511313999999999158e+00 4.942248800000002262e+01 4.571151799999999099e+01 1.089282600000000301e+01 4.753550199999999393e+00 5.441850799999999211e+00 1.554641299999999760e+01 2.062134299999998177e+01 1.992680299999999960e+01 3.197721300000001676e+01 1.627699999999999747e+01 3.431273949999997797e+01 4.480329300000000359e+01 4.218447799999994174e+01 1.988854300000000919e+01 4.511338999999999544e+01 4.580105400000004323e+01 1.598074200000001177e+01 3.578986299999999687e+01 4.432420500000000985e+00 1.437573300000000209e+01 7.214838799999999885e+00 1.644869200000000831e+01 4.167588199999999432e+01 3.879362700000000785e+01 4.527138000000001483e+01 4.221492299999999886e+01 3.395625099999999463e+01
1.003655199999999326e+01 6.029750000000000831e+00 2.027663900000001362e+01 1.638281900000000491e+01 4.187866999999999784e+00 7.383174999999997823e+00 7.031620240000002298e+01 8.877718800000008059e+01 5.556946300000002026e+01 4.922504099999999738e+01 3.314175000000000182e+01 4.815176299999998122e+01 5.594425499999996987e+01 4.872028000000000247e+01 0.000000000000000000e+00 4.571817300000000728e+01 2.232554900000000231e+01 6.710954199999999759e+00 4.527185700000000423e+01 6.027257299999997997e+01 2.842897299999998495e+01 3.954111169999999476e+01 4.725204599999997157e+01 8.519530999999996368e+01 1.035333500000000662e+01 4.441866599999997334e+01 4.821451220000000149e+01 4.610209319999999167e+01 5.862985700000002964e+01 6.561700900000002434e+01 3.419777300000000508e+01 7.854711410000000171e+01 4.993143900000000457e+01 2.171233149999998702e+01 4.031766399999995976e+00 8.413438000000002859e+00 7.066812099999998509e+01 5.201439999999998065e+00 8.340885500000007369e+01 6.395146999999998627e+01 1.593051900000000032e+01 4.693810250000004913e+01 3.765829899999999242e+01 4.195736520000000525e+01 6.030507939999998257e+01 8.313768000000003155e+00 1.376997699999999725e+01 1.933783599999999581e+01 1.390667699999999840e+01 7.956240659999998854e+01
3.923779299999999637e+01 3.991901700000000375e+01 3.097058600000000084e+01 3.160063399999999589e+01 4.604236399999999918e+01 3.936782900000000751e+01 2.772980859999998771e+01 7.206614100000000178e+01 1.378685599999999312e+01 5.101840000000001929e+00 1.639435500000000445e+01 3.469912000000000774e+00 1.293782200000000238e+01 4.404063000000003392e+00 4.571817300000000728e+01 0.000000000000000000e+00 2.849572600000001543e+01 4.244502299999999906e+01 4.652933999999997461e+00 1.476998000000000033e+01 2.212908000000000541e+01 1.241531870000000026e+01 3.780350999999999573e+00 5.292936499999998290e+01 4.164942200000000838e+01 1.029736300000000426e+01 4.477777199999998459e+00 3.867703800000001912e+00 1.669639600000001778e+01 2.204371599999999631e+01 1.667810000000000770e+01 3.781554910000000547e+01 1.567819299999999672e+01 3.075975650000000172e+01 4.220167599999998487e+01 3.977215499999999082e+01 2.242790000000000106e+01 4.328966899999998930e+01 4.813537699999999120e+01 1.787850500000000409e+01 3.174621599999998267e+01 3.086607499999999504e+00 1.066419600000000045e+01 4.824321799999998994e+00 1.750814960000000298e+01 3.934822900000001766e+01 3.634863400000001832e+01 4.119926300000001618e+01 3.789857000000000653e+01 3.889186839999999279e+01
1.363023300000000582e+01 1.626201299999999605e+01 6.205934000000000950e+00 1.006179200000000407e+01 2.408243400000000278e+01 1.644081200000000820e+01 5.642115260000002053e+01 8.165474700000011410e+01 4.290052800000000133e+01 3.225290400000000091e+01 1.930059900000000539e+01 3.084699200000000729e+01 3.838363599999999565e+01 3.282603900000000863e+01 2.232554900000000231e+01 2.849572600000001543e+01 0.000000000000000000e+00 1.796420900000000032e+01 2.725091599999998948e+01 4.690505599999998054e+01 1.072689199999999765e+01 2.531436669999999722e+01 3.068637299999999968e+01 7.645398099999995623e+01 1.910855699999999757e+01 2.923841899999999328e+01 3.054376520000002770e+01 2.874047979999999569e+01 4.769911600000001783e+01 4.946504399999999890e+01 1.883618399999999937e+01 6.518252710000000150e+01 3.759670000000000556e+01 9.725910499999995906e+00 1.862272339999999460e+01 1.756295300000000026e+01 5.366987999999999204e+01 1.959405499999999023e+01 7.216086999999996010e+01 5.080257100000000747e+01 6.830400000000002692e+00 2.869637949999999549e+01 2.376604800000000139e+01 2.662370380000000480e+01 4.740410959999995555e+01 1.581960699999998710e+01 1.974608399999999619e+01 1.511191699999999827e+01 1.518135799999999946e+01 6.497363639999998952e+01
5.332907800000000975e+00 5.747727800000001608e+00 1.631769299999999845e+01 1.504936100000000643e+01 9.998517200000001992e+00 7.406374999999997932e+00 7.028998659999999177e+01 1.027828482000000321e+02 5.092247099999998738e+01 4.508217299999996897e+01 3.164417800000000369e+01 4.335267299999998869e+01 5.430343099999998913e+01 4.485019000000001199e+01 6.710954199999999759e+00 4.244502299999999906e+01 1.796420900000000032e+01 0.000000000000000000e+00 4.184086500000000086e+01 5.906018499999999705e+01 2.470077100000002090e+01 3.592356549999998094e+01 4.333572399999998481e+01 8.455414620000003367e+01 1.505117500000000064e+01 3.775952979999998860e+01 4.271994779999999281e+01 4.223114320000001953e+01 5.336564119999999889e+01 6.454576500000000294e+01 3.136368499999999671e+01 7.631646189999999308e+01 4.629749119999998896e+01 1.771917909999999807e+01 7.552038199999996593e+00 1.098977399999999882e+01 6.701238299999998560e+01 1.088895019999999647e+01 8.315307880000001717e+01 6.211605020000002497e+01 1.148326480000000060e+01 4.333901809999999699e+01 3.513459900000000857e+01 3.938088919999999149e+01 5.850398319999998620e+01 7.356072199999998062e+00 1.204723500000000591e+01 1.533824179999998982e+01 1.055386900000000061e+01 7.793937879999995744e+01
3.821171900000002353e+01 3.946740899999999641e+01 3.011364100000000832e+01 3.056849599999999612e+01 4.641620000000001056e+01 3.829441799999998608e+01 3.155072599999999383e+01 6.766310299999999245e+01 1.241874799999999901e+01 8.364181999999997785e+00 1.347874500000000708e+01 5.173502000000000045e+00 1.612354199999998627e+01 7.698348999999999442e+00 4.527185700000000423e+01 4.652933999999997461e+00 2.725091599999998948e+01 4.184086500000000086e+01 0.000000000000000000e+00 1.606744900000000698e+01 2.044929199999999980e+01 1.055366169999999748e+01 6.624256999999996509e+00 5.632015499999998553e+01 4.148557200000001188e+01 9.956346999999999170e+00 4.389039200000000918e+00 4.017830200000000573e+00 1.630347000000000435e+01 2.606524800000000042e+01 1.441691400000000733e+01 4.168538109999997943e+01 1.550567000000000384e+01 2.883375049999998652e+01 4.208544600000001168e+01 3.951916300000002025e+01 2.674757200000000168e+01 4.248419100000001691e+01 5.318249600000003596e+01 1.987451099999998050e+01 3.073339200000000559e+01 5.804865500000000900e+00 7.894378000000006779e+00 4.381936200000006387e+00 1.682393499999999165e+01 3.869523900000001504e+01 3.495806399999997183e+01 4.044298500000000729e+01 3.756966600000002643e+01 4.266155999999995885e+01
5.723843499999999551e+01 5.667917899999999776e+01 5.031469799999998571e+01 4.895899399999999702e+01 6.287279199999997559e+01 5.664416200000001567e+01 1.746285660000000561e+01 6.168669300000001243e+01 7.805462000000000344e+00 1.440327499999999894e+01 2.831821000000000410e+01 1.384139299999998762e+01 1.492730199999999918e+01 1.492607700000001003e+01 6.027257299999997997e+01 1.476998000000000033e+01 4.690505599999998054e+01 5.906018499999999705e+01 1.606744900000000698e+01 0.000000000000000000e+00 4.105563000000000073e+01 2.472672869999998113e+01 1.556623100000000370e+01 4.776117500000000859e+01 6.001918000000001285e+01 2.220429500000000189e+01 1.287556720000000077e+01 1.449573379999999467e+01 3.652123999999998372e+00 1.268105600000000521e+01 3.027683299999999633e+01 2.934459910000001770e+01 1.474499000000000493e+01 4.828650950000000819e+01 5.909127440000002451e+01 5.531839500000000953e+01 1.204155399999999609e+01 5.747989399999998739e+01 4.366378200000002607e+01 5.102336999999991463e+00 5.059432200000001245e+01 1.506982749999999349e+01 2.248898700000000161e+01 1.826982180000000255e+01 2.812021599999996013e+00 5.707148500000000269e+01 5.422396399999999517e+01 6.052717899999998963e+01 5.636768799999998691e+01 3.103360839999997722e+01
2.146861500000000689e+01 2.371616899999999362e+01 1.071490599999999738e+01 1.411212599999999284e+01 2.753393299999999755e+01 2.278459000000001211e+01 5.270805940000001044e+01 8.696935499999999308e+01 3.298239000000001653e+01 2.605384599999999651e+01 1.151787700000000569e+01 2.360793600000002002e+01 3.303171400000000801e+01 2.629046700000001380e+01 2.842897299999998495e+01 2.212908000000000541e+01 1.072689199999999765e+01 2.470077100000002090e+01 2.044929199999999980e+01 4.105563000000000073e+01 0.000000000000000000e+00 1.704786869999999510e+01 2.372787499999999383e+01 7.156814699999998197e+01 2.397533000000001024e+01 2.174263100000000648e+01 2.341696720000002330e+01 2.179743220000000292e+01 3.966137799999999203e+01 4.619127399999999284e+01 8.937708000000000652e+00 6.057449809999999246e+01 3.003659800000000857e+01 1.149011849999999058e+01 2.523334980000000627e+01 2.396606500000000040e+01 5.015682199999997692e+01 2.735744900000001323e+01 6.874322200000001715e+01 4.462634899999999050e+01 1.528856600000001009e+01 2.267432350000000696e+01 1.490344599999999531e+01 1.941907820000000484e+01 4.167995640000002311e+01 2.227990299999997248e+01 1.982991399999999871e+01 2.167379899999999893e+01 1.998312900000000880e+01 6.246993159999998824e+01
3.318279230000000979e+01 3.413577029999999723e+01 2.644861469999998604e+01 2.719197469999998873e+01 4.071754869999999471e+01 3.338561130000000787e+01 3.867482330000000701e+01 7.165147370000009630e+01 1.845148970000001398e+01 1.602077370000000656e+01 1.084632429999999914e+01 1.293590729999999667e+01 2.195913029999998045e+01 1.544723570000000201e+01 3.954111169999999476e+01 1.241531870000000026e+01 2.531436669999999722e+01 3.592356549999998094e+01 1.055366169999999748e+01 2.472672869999998113e+01 1.704786869999999510e+01 0.000000000000000000e+00 1.382097369999999792e+01 6.127683570000001367e+01 3.733791730000000797e+01 1.277806830000001170e+01 1.142597149999999573e+01 1.266216909999999274e+01 2.312045770000000644e+01 3.273830270000000553e+01 1.309699969999999603e+01 4.802257960000001447e+01 1.783552470000000767e+01 2.535608019999999740e+01 3.671553569999998246e+01 3.418634630000001806e+01 3.501174469999998706e+01 3.750997170000001546e+01 5.924972329999999943e+01 2.840170969999998007e+01 2.689588729999999828e+01 1.330338920000000158e+01 7.248321300000005962e+00 9.865914499999998810e+00 2.568047290000001226e+01 3.349485169999999812e+01 2.949656530000000743e+01 3.801301029999999770e+01 3.337604670000000340e+01 4.983617310000001766e+01
4.038309800000000394e+01 4.119997599999997107e+01 3.331847899999999640e+01 3.404175300000000703e+01 4.655316699999999486e+01 4.048471999999998161e+01 2.314252760000001174e+01 6.269820200000003751e+01 1.525084500000000354e+01 3.065603000000002520e+00 1.963506799999998265e+01 3.497486999999996016e+00 1.231685699999999350e+01 2.511313999999999158e+00 4.725204599999997157e+01 3.780350999999999573e+00 3.068637299999999968e+01 4.333572399999998481e+01 6.624256999999996509e+00 1.556623100000000370e+01 2.372787499999999383e+01 1.382097369999999792e+01 0.000000000000000000e+00 5.061066799999998267e+01 4.342385100000001330e+01 1.025266399999999933e+01 3.497406200000002130e+00 4.054044799999998894e+00 1.676858899999998798e+01 1.988053499999998763e+01 1.826471899999999948e+01 3.362887409999999022e+01 1.610405699999999385e+01 3.280358549999998274e+01 4.330084240000000051e+01 4.115647799999999279e+01 2.170719299999999663e+01 4.398227600000002724e+01 4.650095699999999255e+01 1.650726200000000787e+01 3.446021700000000010e+01 3.000436500000002393e+00 1.309213499999999186e+01 7.085298799999998565e+00 1.767932660000000311e+01 4.057649400000001094e+01 3.742554899999998952e+01 4.335586199999999479e+01 4.009190100000001422e+01 3.592351739999999438e+01
8.423146400000001677e+01 8.238983199999999840e+01 7.483831299999998521e+01 7.621672900000001505e+01 8.236487500000004047e+01 8.150257299999992711e+01 3.147059159999998457e+01 2.174856400000000178e+01 4.986511699999999792e+01 5.006117099999995190e+01 6.904032599999999320e+01 5.384749899999999201e+01 4.438180900000000406e+01 4.942248800000002262e+01 8.519530999999996368e+01 5.292936499999998290e+01 7.645398099999995623e+01 8.455414620000003367e+01 5.632015499999998553e+01 4.776117500000000859e+01 7.156814699999998197e+01 6.127683570000001367e+01 5.061066799999998267e+01 0.000000000000000000e+00 8.090140900000004365e+01 6.183675600000002248e+01 5.534824220000002271e+01 5.532868080000000788e+01 5.083801699999999357e+01 3.160981900000001232e+01 6.800844700000001808e+01 2.024541410000000496e+01 5.645564100000001417e+01 7.737571150000002262e+01 8.182063379999996755e+01 8.274958799999994596e+01 3.448142099999999033e+01 8.309728400000003035e+01 4.880429000000002127e+00 4.451941600000001387e+01 7.710904900000002726e+01 5.358755250000000103e+01 6.283148300000004127e+01 5.439658879999999641e+01 4.898779859999999076e+01 8.362562200000000701e+01 8.158381699999998204e+01 8.499186600000000169e+01 8.082212900000008915e+01 2.010701139999999754e+01
1.223885900000000859e+01 1.030461099999999774e+01 1.552084399999999320e+01 1.272765400000000469e+01 9.706790000000001584e+00 1.507923400000000669e+01 6.726871640000000241e+01 1.092313650000000393e+02 5.416511399999996712e+01 4.529174499999999881e+01 3.225297899999999629e+01 4.348008999999997570e+01 5.169041200000000913e+01 4.571151799999999099e+01 1.035333500000000662e+01 4.164942200000000838e+01 1.910855699999999757e+01 1.505117500000000064e+01 4.148557200000001188e+01 6.001918000000001285e+01 2.397533000000001024e+01 3.733791730000000797e+01 4.342385100000001330e+01 8.090140900000004365e+01 0.000000000000000000e+00 4.631805099999996855e+01 4.383922080000001387e+01 4.177214819999998241e+01 6.027570499999995945e+01 6.169231399999999610e+01 3.107953500000000346e+01 7.592210390000002462e+01 5.478160699999996552e+01 1.536679149999999794e+01 9.733562000000000936e+00 8.154985000000007034e+00 6.605759899999999618e+01 1.074487500000000040e+01 8.220943799999997736e+01 6.291930700000000343e+01 1.476750300000000848e+01 4.141408050000000429e+01 3.615250600000000958e+01 3.915348519999999155e+01 6.087635439999996834e+01 1.435233500000000539e+01 1.477819399999999916e+01 1.609780500000000103e+01 8.582038000000000721e+00 7.691359759999996015e+01
3.925253199999998799e+01 3.899606400000001827e+01 3.277069900000001468e+01 3.308263099999999923e+01 4.738670899999996777e+01 3.753256700000000023e+01 3.560963760000000633e+01 9.339796799999997745e+01 1.493949699999999048e+01 1.173777300000000068e+01 1.963341600000000753e+01 9.872480999999998730e+00 1.716550499999998181e+01 1.089282600000000301e+01 4.441866599999997334e+01 1.029736300000000426e+01 2.923841899999999328e+01 3.775952979999998860e+01 9.956346999999999170e+00 2.220429500000000189e+01 2.174263100000000648e+01 1.277806830000001170e+01 1.025266399999999933e+01 6.183675600000002248e+01 4.631805099999996855e+01 0.000000000000000000e+00 8.952027799999996205e+00 1.000408080000000055e+01 2.110357099999998454e+01 2.838552899999999823e+01 1.238015899999999903e+01 4.451734190000003366e+01 9.326620999999999384e+00 3.190978849999999056e+01 4.242541500000000809e+01 3.969965800000000655e+01 3.041251499999999908e+01 4.249279399999998930e+01 5.826862099999997469e+01 2.621353000000000222e+01 3.357491700000000634e+01 1.034364550000000271e+01 1.215409700000000370e+01 1.287018279999999493e+01 2.254318660000000563e+01 3.877450799999999020e+01 3.553504899999998656e+01 4.479171800000001014e+01 4.062105899999998115e+01 4.860116739999997293e+01
4.046528780000001291e+01 4.284439980000001924e+01 3.319880220000000293e+01 3.408915319999999838e+01 4.793444919999998177e+01 4.110932619999999815e+01 2.690955319999999773e+01 6.817944819999996753e+01 1.220758119999999813e+01 4.685185199999999384e+00 1.796559419999998752e+01 2.779140799999999079e+00 1.485159919999999012e+01 4.753550199999999393e+00 4.821451220000000149e+01 4.477777199999998459e+00 3.054376520000002770e+01 4.271994779999999281e+01 4.389039200000000918e+00 1.287556720000000077e+01 2.341696720000002330e+01 1.142597149999999573e+01 3.497406200000002130e+00 5.534824220000002271e+01 4.383922080000001387e+01 8.952027799999996205e+00 0.000000000000000000e+00 3.053869399999999068e+00 1.353967119999999724e+01 2.365216119999999833e+01 1.772826120000000572e+01 3.775765189999995641e+01 1.492543519999999369e+01 3.284706929999997982e+01 4.506448160000002190e+01 4.128013780000000565e+01 2.208525520000000952e+01 4.448800020000000188e+01 4.974725180000006475e+01 1.650851819999999037e+01 3.378541479999999098e+01 3.392960300000000373e+00 1.192828680000000574e+01 7.213015399999999744e+00 1.325055380000000582e+01 4.096095619999998405e+01 3.799563479999999061e+01 4.306078579999999789e+01 4.086696319999998650e+01 3.774992919999997554e+01
3.910987719999999968e+01 4.006272280000001018e+01 3.176464580000000026e+01 3.248428780000001836e+01 4.683309119999999837e+01 3.952746819999999417e+01 2.857544719999998861e+01 6.778351120000002084e+01 1.206722219999999979e+01 5.358934200000001979e+00 1.630169919999999451e+01 3.541048200000002311e+00 1.516403420000000324e+01 5.441850799999999211e+00 4.610209319999999167e+01 3.867703800000001912e+00 2.874047979999999569e+01 4.223114320000001953e+01 4.017830200000000573e+00 1.449573379999999467e+01 2.179743220000000292e+01 1.266216909999999274e+01 4.054044799999998894e+00 5.532868080000000788e+01 4.177214819999998241e+01 1.000408080000000055e+01 3.053869399999999068e+00 0.000000000000000000e+00 1.553315820000000613e+01 2.417861979999997502e+01 1.672994819999998839e+01 3.901068570000006019e+01 1.620003879999999796e+01 3.113577469999999892e+01 4.270563180000000614e+01 4.045014279999999474e+01 2.254855420000000521e+01 4.356074080000000492e+01 5.080154620000001842e+01 1.682435719999999435e+01 3.163653580000000431e+01 3.173135700000000892e+00 1.066565219999999847e+01 6.066216000000000719e+00 1.572145620000000754e+01 3.929023719999997866e+01 3.612378380000000533e+01 4.167760319999998586e+01 3.851883720000000011e+01 3.943220740000000291e+01
5.400618900000002753e+01 5.387848899999997343e+01 5.097865200000000385e+01 4.996038800000002311e+01 6.267198800000001313e+01 5.337626600000001531e+01 2.066180460000000352e+01 6.389335299999998341e+01 7.470918000000004611e+00 1.594693600000000089e+01 2.497816299999999501e+01 1.340762300000000629e+01 1.619528000000000034e+01 1.554641299999999760e+01 5.862985700000002964e+01 1.669639600000001778e+01 4.769911600000001783e+01 5.336564119999999889e+01 1.630347000000000435e+01 3.652123999999998372e+00 3.966137799999999203e+01 2.312045770000000644e+01 1.676858899999998798e+01 5.083801699999999357e+01 6.027570499999995945e+01 2.110357099999998454e+01 1.353967119999999724e+01 1.553315820000000613e+01 0.000000000000000000e+00 1.550470000000001036e+01 2.898734000000000677e+01 3.129367309999999236e+01 1.196077600000000274e+01 5.094542650000001061e+01 5.627044939999996132e+01 5.617805699999998126e+01 1.344645399999999213e+01 5.679348699999994921e+01 4.661300499999998692e+01 7.198587000000001623e+00 4.869514100000000667e+01 1.713672549999999362e+01 2.049712899999999394e+01 1.792400219999998967e+01 3.743469400000002167e+00 5.398669900000004418e+01 5.387585800000000091e+01 6.024614299999997513e+01 5.758447799999999717e+01 3.303962360000001297e+01
6.138911900000000799e+01 6.140981300000000687e+01 5.315429100000001483e+01 5.452605799999997771e+01 6.597021799999998848e+01 6.094815499999998565e+01 1.079750259999999429e+01 4.433342699999999326e+01 1.803006000000002018e+01 2.073847399999998942e+01 4.061967900000000498e+01 2.273102399999998369e+01 1.212703799999999887e+01 2.062134299999998177e+01 6.561700900000002434e+01 2.204371599999999631e+01 4.946504399999999890e+01 6.454576500000000294e+01 2.606524800000000042e+01 1.268105600000000521e+01 4.619127399999999284e+01 3.273830270000000553e+01 1.988053499999998763e+01 3.160981900000001232e+01 6.169231399999999610e+01 2.838552899999999823e+01 2.365216119999999833e+01 2.417861979999997502e+01 1.550470000000001036e+01 0.000000000000000000e+00 3.782388399999997119e+01 1.651770009999999189e+01 2.476832200000000483e+01 5.278695050000000322e+01 6.325774739999997820e+01 6.375070100000002071e+01 6.889899999999999025e+00 6.384811899999997564e+01 2.738715300000000141e+01 9.714668999999993559e+00 5.572991800000000495e+01 2.259027149999999295e+01 3.290315400000000068e+01 2.279542379999999824e+01 1.394659499999998786e+01 5.948345099999999519e+01 6.150254000000000332e+01 6.096549700000000627e+01 6.108715699999999771e+01 2.101877799999999397e+01
2.828595500000000129e+01 2.887586100000000044e+01 1.959039500000000089e+01 2.089625800000000311e+01 3.343403200000001618e+01 2.789572599999998559e+01 4.426977600000000734e+01 7.445064299999997104e+01 2.263109599999999233e+01 2.051710800000000035e+01 7.799953000000008352e+00 1.834263999999999228e+01 2.646734600000001336e+01 1.992680299999999960e+01 3.419777300000000508e+01 1.667810000000000770e+01 1.883618399999999937e+01 3.136368499999999671e+01 1.441691400000000733e+01 3.027683299999999633e+01 8.937708000000000652e+00 1.309699969999999603e+01 1.826471899999999948e+01 6.800844700000001808e+01 3.107953500000000346e+01 1.238015899999999903e+01 1.772826120000000572e+01 1.672994819999998839e+01 2.898734000000000677e+01 3.782388399999997119e+01 0.000000000000000000e+00 5.366937609999997960e+01 1.900881599999999594e+01 1.928055650000001009e+01 3.111710740000001252e+01 2.921569700000000935e+01 3.990091400000002864e+01 3.073302699999999277e+01 6.386306000000003280e+01 3.528771100000001582e+01 2.191664600000000718e+01 1.759787749999999917e+01 7.625534000000004475e+00 1.316688420000000370e+01 3.088671499999999526e+01 2.803827099999999817e+01 2.287841799999999637e+01 3.250517299999999210e+01 2.664814000000000505e+01 5.500702759999998648e+01
7.145114990000004696e+01 7.280520489999997835e+01 6.603248200000004431e+01 6.663602510000002610e+01 7.576447110000000862e+01 7.074274890000003779e+01 1.280785569999999929e+01 3.940762010000000259e+01 3.506361909999999682e+01 3.273361599999998361e+01 5.499142089999998007e+01 3.648418389999999079e+01 2.935036489999998821e+01 3.197721300000001676e+01 7.854711410000000171e+01 3.781554910000000547e+01 6.518252710000000150e+01 7.631646189999999308e+01 4.168538109999997943e+01 2.934459910000001770e+01 6.057449809999999246e+01 4.802257960000001447e+01 3.362887409999999022e+01 2.024541410000000496e+01 7.592210390000002462e+01 4.451734190000003366e+01 3.775765189999995641e+01 3.901068570000006019e+01 3.129367309999999236e+01 1.651770009999999189e+01 5.366937609999997960e+01 0.000000000000000000e+00 4.067743709999999879e+01 6.602178659999999866e+01 7.377641670000001284e+01 7.383550590000001534e+01 1.615028709999999279e+01 7.474124910000000455e+01 1.639171290000000170e+01 2.519644209999997386e+01 6.536160290000000828e+01 3.631040840000002845e+01 4.808809789999997264e+01 3.823121389999998598e+01 2.949720250000000021e+01 7.107064809999999966e+01 7.175306290000003173e+01 7.483786989999997274e+01 7.322468510000003050e+01 5.721172499999999772e+00
