0.000000000000000000e+00 1.936344625451539084e-03 1.081603383897315140e+00 1.077104200719525506e+00 8.032675485220441489e-03 3.366153319306502013e-03 6.281313206185807317e-03 2.457459091882461741e-02 1.195512834596786957e-02 1.072958885945155982e+00 1.070411893919672064e+00 1.073883527242307290e+00 1.090807308197206282e+00 1.062911628485070370e+00 4.297621566795256295e-03 1.076262848293881857e+00 3.302167590215385629e-03 6.759030579744241402e-03 1.071787997378196744e+00 3.584553286340940847e-03 1.079349858183269451e+00 1.069789295874528312e+00 1.068679223172961157e+00 2.035436572906408267e-02 1.086948887092456406e+00 1.158564036954542673e-02 1.065607697124816511e+00 1.067700737884862638e+00 9.192351604423623646e-03 1.077385564861508049e+00 1.072064276894247214e+00 7.496578538196745252e-03 1.152769899234325213e-02 1.080565846862427515e+00 1.664361622206126518e-03 1.086080564321026953e+00 2.071697885559144192e-03 2.852526360503652297e-03 1.986661010055949111e-02 1.741303434296841797e-03 8.303739071611460770e-03 1.079357966588983864e+00 1.068231269929726945e+00 1.069652779676492305e+00 1.396685501342129730e-02 3.504915567448932401e-03 1.083134555407080146e+00 9.274443375859194733e-03 1.087051209459777290e+00 9.895740105620508958e-03
1.936344625451539084e-03 0.000000000000000000e+00 1.079813878713626440e+00 1.075313791023944976e+00 6.096351568313672885e-03 5.302156274081628630e-03 4.353586742308825086e-03 2.264219295767479559e-02 1.388973685064911340e-02 1.071167541594976846e+00 1.068620047080570679e+00 1.072092451636630139e+00 1.089019725128973937e+00 1.061118173860593927e+00 2.362086842874206415e-03 1.074472256333271591e+00 1.365990819311471835e-03 4.824774916280537979e-03 1.069996449276321204e+00 5.504878699377434813e-03 1.077559895349635033e+00 1.067997321673521682e+00 1.066887006215064382e+00 1.841828559980751220e-02 1.085160520306408083e+00 1.352026132035024329e-02 1.063814808453230620e+00 1.065908312052604945e+00 1.112570952380054386e-02 1.075595179803600754e+00 1.070272779210882819e+00 5.563246856700745056e-03 1.346098581887337532e-02 1.078776131703032659e+00 2.852903613294016216e-04 1.084292036908099055e+00 3.986941076238302920e-03 9.165359747474536569e-04 1.793051656591266099e-02 3.641385913846155887e-03 6.367657595036910027e-03 1.077568029383007442e+00 1.066438938462658248e+00 1.067860746563008112e+00 1.590072524506079207e-02 1.570116052520681904e-03 1.081345383501060020e+00 7.338192099101639547e-03 1.085262865549622591e+00 1.182999714650208485e-02
1.081603383897315140e+00 1.079813878713626440e+00 0.000000000000000000e+00 4.694500641094501159e-03 1.074186124366596884e+00 1.084704222842986399e+00 1.075771235619572996e+00 1.058399691134120468e+00 1.092586281903479950e+00 9.053107573044567868e-03 1.170487523931845915e-02 8.059578931441864144e-03 9.624946751475918494e-03 1.956087933836716392e-02 1.077643107676268475e+00 5.580422105300174643e-03 1.078547423889928636e+00 1.075400398741258146e+00 1.026273245574448219e-02 1.084834944213356911e+00 2.360348192914637350e-03 1.235412342048491756e-02 1.351915872538843148e-02 1.062790377749718518e+00 5.603105654345644226e-03 1.092238233375994572e+00 1.674360440479072398e-02 1.454379912773312231e-02 1.090024822775103708e+00 4.414926146048573849e-03 9.978036943273402987e-03 1.074651554232796125e+00 1.092183688728097346e+00 1.082141769665434473e-03 1.080078601624904655e+00 4.704675913201403561e-03 1.083435094844997115e+00 1.078969702077801296e+00 1.063223871289870504e+00 1.083103561317765751e+00 1.073945262328284356e+00 2.348821821328466244e-03 1.399611761572911763e-02 1.250928907158242384e-02 1.094437313366920073e+00 1.078378787045532361e+00 1.607815532083957475e-03 1.073028987438233495e+00 5.710530048275323962e-03 1.090694990916120544e+00
1.077104200719525506e+00 1.075313791023944976e+00 4.694500641094501159e-03 0.000000000000000000e+00 1.069683169202169770e+00 1.080206654595557536e+00 1.071269338130798277e+00 1.053890600029349978e+00 1.088092940460444913e+00 4.366535128789240071e-03 7.013655287958046013e-03 3.365544823276914784e-03 1.431561390610551661e-02 1.487152479777869608e-02 1.073141870431372658e+00 8.874113852680625206e-04 1.074046710912677449e+00 1.070897902286426895e+00 5.570262795804808639e-03 1.080337626571250764e+00 2.339285090415460251e-03 7.663558135874683902e-03 8.828339770212670704e-03 1.058281731832859451e+00 1.028830713930360859e-02 1.087744733474374392e+00 1.205234313952850515e-02 9.853093669071029750e-03 1.085530198461591489e+00 2.837612256985452440e-04 5.285114527874757405e-03 1.070149007778141037e+00 1.087690173390068127e+00 3.613443624517102565e-03 1.075578594263303600e+00 9.389104690667894951e-03 1.078937044850184490e+00 1.074469173879302408e+00 1.058715497691378848e+00 1.078605370541952935e+00 1.069442137767033563e+00 2.364284551766589366e-03 9.305756358018569749e-03 7.819319434624131746e-03 1.089944960446741273e+00 1.073877911259401685e+00 6.298262685256770382e-03 1.068525501584876913e+00 1.039597295701025388e-02 1.086200636133187514e+00
8.032675485220441489e-03 6.096351568313672885e-03 1.074186124366596884e+00 1.069683169202169770e+00 0.000000000000000000e+00 1.139832210744645517e-02 1.843389635786885777e-03 1.656464034152325612e-02 1.998331639941836740e-02 1.065533963705127762e+00 1.062984876474878160e+00 1.066459720327213923e+00 1.083398052736515682e+00 1.055477915593205473e+00 3.736652357862261121e-03 1.068841055199849732e+00 4.730684949323328906e-03 1.301291977832845937e-03 1.064362222803174829e+00 1.158664438196658521e-02 1.071930688205388282e+00 1.062361747487108765e+00 1.061250664143305489e+00 1.232334776926816665e-02 1.079536364110308400e+00 1.961385609232469546e-02 1.058176337604774586e+00 1.060271308721249195e+00 1.721768021124266829e-02 1.069964635458867663e+00 1.064638711177765762e+00 6.606158531957042213e-04 1.955236490732229632e-02 1.073147712649067609e+00 6.370480246602198277e-03 1.078667372828762572e+00 1.007037055328539182e-02 5.180295104295804323e-03 1.183549651084482741e-02 9.718446554269254134e-03 2.853544951131642589e-04 1.071938901550411272e+00 1.060802233581286336e+00 1.062224986747807076e+00 2.199284599152944927e-02 4.529488565708188544e-03 1.075718682816114047e+00 1.245736085573200978e-03 1.079638781260662483e+00 1.792321207410646142e-02
3.366153319306502013e-03 5.302156274081628630e-03 1.084704222842986399e+00 1.080206654595557536e+00 1.139832210744645517e-02 0.000000000000000000e+00 9.636766797606909074e-03 2.793334129559088205e-02 8.590608089394578123e-03 1.076062983918656846e+00 1.073516892687590873e+00 1.076987165832860915e+00 1.093904745123814415e+00 1.066019465756238738e+00 7.663767643986570816e-03 1.079365630477936433e+00 6.667704374913702506e-03 1.012490748971309543e-02 1.074892469380954729e+00 5.326055927274842960e-04 1.082451521431130770e+00 1.072894515717079722e+00 1.071784875975822171e+00 2.371926791335349574e-02 1.090047725609950335e+00 8.221159036978228224e-03 1.068714542137138457e+00 1.070806760180206485e+00 5.830645961558808023e-03 1.080487974921273020e+00 1.075168661121646885e+00 1.085785492531691869e-02 8.165497763554871100e-03 1.083667057795772104e+00 5.030167784365555464e-03 1.089179686882593812e+00 1.386019233416670811e-03 6.218547676801797382e-03 2.323149166986351183e-02 1.743671450734396878e-03 1.166975933041106139e-02 1.082459579878718881e+00 1.071337123235167610e+00 1.072758103329789492e+00 1.060314043480593479e-02 6.871056568328286727e-03 1.086234807963145865e+00 1.263932679898183836e-02 1.090150005842276171e+00 6.532550636832456376e-03
6.281313206185807317e-03 4.353586742308825086e-03 1.075771235619572996e+00 1.071269338130798277e+00 1.843389635786885777e-03 9.636766797606909074e-03 0.000000000000000000e+00 1.832537881490464357e-02 1.820498460592720122e-02 1.067121087403823720e+00 1.064572610754414672e+00 1.068046643633129955e+00 1.084981082979724620e+00 1.057067348902985149e+00 2.046837796335054457e-03 1.070427453332014833e+00 2.999813424241191268e-03 8.768213808779417749e-04 1.065949643326643992e+00 9.801453316301287147e-03 1.073516377278475042e+00 1.063949588558715575e+00 1.062838792905883123e+00 1.409541945053384253e-02 1.081120327887385990e+00 1.783601399548598310e-02 1.059765211401573648e+00 1.061859661723638659e+00 1.543766442476326647e-02 1.071550776372517833e+00 1.066226084597821977e+00 1.241807630239164179e-03 1.777008312383596481e-02 1.074733053952302342e+00 4.633413182741300679e-03 1.080251507131115396e+00 8.290566904334200488e-03 3.448867330948960936e-03 1.360819760978891797e-02 7.934774628385881864e-03 2.125079735539599050e-03 1.073524528699670855e+00 1.062390471765585653e+00 1.063812893778483426e+00 2.021073283100794857e-02 2.816844242777654956e-03 1.077303454350574174e+00 3.042498408571384875e-03 1.081222708008719779e+00 1.614496686945991397e-02
2.457459091882461741e-02 2.264219295767479559e-02 1.058399691134120468e+00 1.053890600029349978e+00 1.656464034152325612e-02 2.793334129559088205e-02 1.832537881490464357e-02 0.000000000000000000e+00 3.649980197949000138e-02 1.049735096584391236e+00 1.047182614487300212e+00 1.050662646884554352e+00 1.067624606298933188e+00 1.039664827824118731e+00 2.028914861226556801e-02 1.053047239576655913e+00 2.127874017121931735e-02 1.784582382708784290e-02 1.048561963521125628e+00 2.810868368864568798e-02 1.056141140905617393e+00 1.046558614748100080e+00 1.045445906467461272e+00 4.409607977199137864e-03 1.063757600909744694e+00 3.612991126168504236e-02 1.042367034489773747e+00 1.044465141969867172e+00 3.373510645731962049e-02 1.054172227972259623e+00 1.048838783048392287e+00 1.710105926484845051e-02 3.606732427732860236e-02 1.057359860276959607e+00 2.291717075365361234e-02 1.062887526590829745e+00 2.659587305390455347e-02 2.172848521867521213e-02 4.860559855814158663e-03 2.624224980919234035e-02 1.629702180526491906e-02 1.056149501662033252e+00 1.044996697697182730e+00 1.046421466081332685e+00 3.850612608698762707e-02 2.108047122782158098e-02 1.059934495728578785e+00 1.532712709279221777e-02 1.063860165233135868e+00 3.444251035228167168e-02
1.195512834596786957e-02 1.388973685064911340e-02 1.092586281903479950e+00 1.088092940460444913e+00 1.998331639941836740e-02 8.590608089394578123e-03 1.820498460592720122e-02 3.649980197949000138e-02 0.000000000000000000e+00 1.083953507720761600e+00 1.081409789384442544e+00 1.084876541853955878e+00 1.101777970337310508e+00 1.073919707022059633e+00 1.625154510736362412e-02 1.087252781298704285e+00 1.525421692649853861e-02 1.871328559122043683e-02 1.082784000811096492e+00 8.404393365906141777e-03 1.090335758913534292e+00 1.080787964768705312e+00 1.079679466304983348e+00 3.229809208169041185e-02 1.097924632186950689e+00 3.724409729477793957e-04 1.076612230011532390e+00 1.078702307779485281e+00 2.767790809136126597e-03 1.088374144689689071e+00 1.083059966041209465e+00 1.943275604200992573e-02 4.751377145561139735e-04 1.091550083836194673e+00 1.361916598423270480e-02 1.097057329648285728e+00 9.916038204350587082e-03 1.480615122512609141e-02 3.181047315943340281e-02 1.027039592795486907e-02 2.025600162143390004e-02 1.090343660630530787e+00 1.079232223528624912e+00 1.080651826190092368e+00 2.017014641050952038e-03 1.545919257851187736e-02 1.094115355175024229e+00 2.122205192041433722e-02 1.098026793682072455e+00 2.062418539760563826e-03
1.072958885945155982e+00 1.071167541594976846e+00 9.053107573044567868e-03 4.366535128789240071e-03 1.065533963705127762e+00 1.076062983918656846e+00 1.067121087403823720e+00 1.049735096584391236e+00 1.083953507720761600e+00 0.000000000000000000e+00 2.656050149172274871e-03 1.030801166318674354e-03 1.867748082516755212e-02 1.050810789292948647e-02 1.068994461452485778e+00 3.489342568365723287e-03 1.069899815033745538e+00 1.066749243444400141e+00 1.223525544364327099e-03 1.076194077948177341e+00 6.703855011133616482e-03 3.302431566575375361e-03 4.467724757951290447e-03 1.054126622865972251e+00 1.465249767291077788e-02 1.083605146867688607e+00 7.691332501215949330e-03 5.491841379079961775e-03 1.081389435532847276e+00 4.645240493843892128e-03 9.480865578988515764e-04 1.066000149745224279e+00 1.083550508556921033e+00 7.971098911150126948e-03 1.071432450910397183e+00 1.375347360006047397e-02 1.074792799497752416e+00 1.070322479043888331e+00 1.054560674876499737e+00 1.074460952907325684e+00 1.065292786251351931e+00 6.723643557558222315e-03 4.943628740250281470e-03 3.456888234505898182e-03 1.085806473823855312e+00 1.069730875839527862e+00 1.065964282770788009e-02 1.064375714916471205e+00 1.475991726831899636e-02 1.082060176224061587e+00
1.070411893919672064e+00 1.068620047080570679e+00 1.170487523931845915e-02 7.013655287958046013e-03 1.062984876474878160e+00 1.073516892687590873e+00 1.064572610754414672e+00 1.047182614487300212e+00 1.081409789384442544e+00 2.656050149172274871e-03 0.000000000000000000e+00 3.650459963651504075e-03 2.132870091685589581e-02 7.858554818280551191e-03 1.066446323972776611e+00 6.131849984547452226e-03 1.067351974961026073e+00 1.064200399040298395e+00 1.444922758533424183e-03 1.073648148502819089e+00 9.351866939533116582e-03 6.625734737616181119e-04 1.814926912976483168e-03 1.051574382243326777e+00 1.730166116820166036e-02 1.081061340784461811e+00 5.039565006649533545e-03 2.839743840233835675e-03 1.078845005292671022e+00 7.293140855966660438e-03 1.732302627436077070e-03 1.063451304570213418e+00 1.081006696720625548e+00 1.062296560909716144e-02 1.068884996698980405e+00 1.640250184449298584e-02 1.072246457519824281e+00 1.067774738436003457e+00 1.052008588386593280e+00 1.071914535969040738e+00 1.062743601373906444e+00 9.373506733337789998e-03 2.293457103116945152e-03 8.103837553382597361e-04 1.083263311343323654e+00 1.067182939740267233e+00 1.331063094918488211e-02 1.061826337703103196e+00 1.740951377335802838e-02 1.079515889311084775e+00
1.073883527242307290e+00 1.072092451636630139e+00 8.059578931441864144e-03 3.365544823276914784e-03 1.066459720327213923e+00 1.076987165832860915e+00 1.068046643633129955e+00 1.050662646884554352e+00 1.084876541853955878e+00 1.030801166318674354e-03 3.650459963651504075e-03 0.000000000000000000e+00 1.768096257606336513e-02 1.150839498784855981e-02 1.069919689537453422e+00 2.482153464538621943e-03 1.070824911667820123e+00 1.067674803152120377e+00 2.206417958105338136e-03 1.077118298038487465e+00 5.703931697696032650e-03 4.301443280679858976e-03 5.464935440363839769e-03 1.055054089160806230e+00 1.365293594711585075e-02 1.084528220437563029e+00 8.688171393182536617e-03 6.489561399617025696e-03 1.082312854729170049e+00 3.645568430399314351e-03 1.921204741464454429e-03 1.066925846723870919e+00 1.084473635839899197e+00 6.978086440443756651e-03 1.072357317681406741e+00 1.275375274158656834e-02 1.075717188537850477e+00 1.071247511889809934e+00 1.055488057706741589e+00 1.075385405845480591e+00 1.066218569381828463e+00 5.725896563988503753e-03 5.942823850495266083e-03 4.457489743106290286e-03 1.086729275072953360e+00 1.070655996635698770e+00 9.663774506722906665e-03 1.065301656386802076e+00 1.376071337851528763e-02 1.082983493750640624e+00
1.090807308197206282e+00 1.089019725128973937e+00 9.624946751475918494e-03 1.431561390610551661e-02 1.083398052736515682e+00 1.093904745123814415e+00 1.084981082979724620e+00 1.067624606298933188e+00 1.101777970337310508e+00 1.867748082516755212e-02 2.132870091685589581e-02 1.768096257606336513e-02 0.000000000000000000e+00 2.918544713251085623e-02 1.086851362290407463e+00 1.519946054108168437e-02 1.087754597257495348e+00 1.084611265171820937e+00 1.988568228196355148e-02 1.094035097728344841e+00 1.197763887421568821e-02 2.197779545690240963e-02 2.314322513329747366e-02 1.072014415280870381e+00 4.031787631223671640e-03 1.101430245099247474e+00 2.636733577607908857e-02 2.416792832623989098e-02 1.099219244017707098e+00 1.403602654610566595e-02 1.960038179105503750e-02 1.083862701728965927e+00 1.101375816761261728e+00 1.070683877655553840e-02 1.089284250173846447e+00 4.929901087520735005e-03 1.092636728618261444e+00 1.088176472543570750e+00 1.072447320858936459e+00 1.092305527484104477e+00 1.083157514190470794e+00 1.195897961980087708e-02 2.362021424051228766e-02 2.213346060443085322e-02 1.103626996670428406e+00 1.087586272648143337e+00 8.018268391707149625e-03 1.082242083132685773e+00 3.922980474101118997e-03 1.099888812962082740e+00
1.062911628485070370e+00 1.061118173860593927e+00 1.956087933836716392e-02 1.487152479777869608e-02 1.055477915593205473e+00 1.066019465756238738e+00 1.057067348902985149e+00 1.039664827824118731e+00 1.073919707022059633e+00 1.050810789292948647e-02 7.858554818280551191e-03 1.150839498784855981e-02 2.918544713251085623e-02 0.000000000000000000e+00 1.058942444523987447e+00 1.398989101779062570e-02 1.059848990037413063e+00 1.056694348193029764e+00 9.302270849073460482e-03 1.066150986627457220e+00 1.720991828149470715e-02 7.208783586745514879e-03 6.043681580834204918e-03 1.044057277960369401e+00 2.515960744383493458e-02 1.073570989794753405e+00 2.823398029848224119e-03 5.018962102808110191e-03 1.071352636603636332e+00 1.515098947386087948e-02 9.588397514725040607e-03 1.055944972542971927e+00 1.073516234856773721e+00 1.847885561750290187e-02 1.061383296311611435e+00 2.426043814723595482e-02 1.064748073540892737e+00 1.060272095079275001e+00 1.044491975283559082e+00 1.064415866600095795e+00 1.055236377448498519e+00 1.722949333781180481e-02 5.566129044010657487e-03 7.052489811163938430e-03 1.075774886671457820e+00 1.059679702655958566e+00 2.116740227242355082e-02 1.054318390672088546e+00 2.526722948421101719e-02 1.072024030954159102e+00
4.297621566795256295e-03 2.362086842874206415e-03 1.077643107676268475e+00 1.073141870431372658e+00 3.736652357862261121e-03 7.663767643986570816e-03 2.046837796335054457e-03 2.028914861226556801e-02 1.625154510736362412e-02 1.068994461452485778e+00 1.066446323972776611e+00 1.069919689537453422e+00 1.086851362290407463e+00 1.058942444523987447e+00 0.000000000000000000e+00 1.072300100526191402e+00 9.999151897562958378e-04 2.463328071191472728e-03 1.067823098265042070e+00 7.862678590135558157e-03 1.075388533997409413e+00 1.065823444372121953e+00 1.064712820567766505e+00 1.605883900948737453e-02 1.082991158467865089e+00 1.588205073574729814e-02 1.061639777029009357e+00 1.063733864919964578e+00 1.348733903350569051e-02 1.073423290010550923e+00 1.068099489599286800e+00 3.219061258535855542e-03 1.582255675640677553e-02 1.076605097240887376e+00 2.634262730898994168e-03 1.082122474359893172e+00 6.344346381936520445e-03 1.445584993940813743e-03 1.557111615953068497e-02 5.995996706883961920e-03 4.006447889684688554e-03 1.075396706114569723e+00 1.064264611803034555e+00 1.065686795578962398e+00 1.826251694868257294e-02 7.930774617731068364e-04 1.079175025971102819e+00 4.980420720869930748e-03 1.083093534440935812e+00 1.419153647420788589e-02
1.076262848293881857e+00 1.074472256333271591e+00 5.580422105300174643e-03 8.874113852680625206e-04 1.068841055199849732e+00 1.079365630477936433e+00 1.070427453332014833e+00 1.053047239576655913e+00 1.087252781298704285e+00 3.489342568365723287e-03 6.131849984547452226e-03 2.482153464538621943e-03 1.519946054108168437e-02 1.398989101779062570e-02 1.072300100526191402e+00 0.000000000000000000e+00 1.073205049954697232e+00 1.070055872045439616e+00 4.687701406191847366e-03 1.079496668856698482e+00 3.223293426730762610e-03 6.781900694159676349e-03 7.946452969034741021e-03 1.057438469758209099e+00 1.117124557323027033e-02 1.086904541146623382e+00 1.116965216274989382e-02 8.971129898509597883e-03 1.084689781647941054e+00 1.166544661418173531e-03 4.401924416726165495e-03 1.069306983974418257e+00 1.086849986844914628e+00 4.499806854123896901e-03 1.074737073047586033e+00 1.027217740204736801e-02 1.078095931702410359e+00 1.073627549178679308e+00 1.057872289497220786e+00 1.077764232358614294e+00 1.068599985883064596e+00 3.245820191138622246e-03 8.423942652404738107e-03 6.938000458882070953e-03 1.089105010004628671e+00 1.073036214136063649e+00 7.183130888114354871e-03 1.067683284543234912e+00 1.127888664338355142e-02 1.085360271110505037e+00
3.302167590215385629e-03 1.365990819311471835e-03 1.078547423889928636e+00 1.074046710912677449e+00 4.730684949323328906e-03 6.667704374913702506e-03 2.999813424241191268e-03 2.127874017121931735e-02 1.525421692649853861e-02 1.069899815033745538e+00 1.067351974961026073e+00 1.070824911667820123e+00 1.087754597257495348e+00 1.059848990037413063e+00 9.999151897562958378e-04 1.073205049954697232e+00 0.000000000000000000e+00 3.462640667062642005e-03 1.068728582574287822e+00 6.864345813931719761e-03 1.076293125004631035e+00 1.066729159142390415e+00 1.065618678059039315e+00 1.705269905980229955e-02 1.083894852417868426e+00 1.488468520046204273e-02 1.062546015013998257e+00 1.064639839418467737e+00 1.248956518531927316e-02 1.074328116694867941e+00 1.069004946788582711e+00 4.200961779869036988e-03 1.482474470357681914e-02 1.077509531594005088e+00 1.642363382931995991e-03 1.083026258110908913e+00 5.346428811430535902e-03 4.519576026543658739e-04 1.656483158764891078e-02 4.997752998592705324e-03 5.002339350302785655e-03 1.076301272239774676e+00 1.065170530242206981e+00 1.066592544614749949e+00 1.726478600231113117e-02 2.266176653397232866e-04 1.080079158885605128e+00 5.972478616433800520e-03 1.083997212192130410e+00 1.319441585649679984e-02
6.759030579744241402e-03 4.824774916280537979e-03 1.075400398741258146e+00 1.070897902286426895e+00 1.301291977832845937e-03 1.012490748971309543e-02 8.768213808779417749e-04 1.784582382708784290e-02 1.871328559122043683e-02 1.066749243444400141e+00 1.064200399040298395e+00 1.067674803152120377e+00 1.084611265171820937e+00 1.056694348193029764e+00 2.463328071191472728e-03 1.070055872045439616e+00 3.462640667062642005e-03 0.000000000000000000e+00 1.065577575114069697e+00 1.032445749272794394e-02 1.073145172459906593e+00 1.063577355086541498e+00 1.062466394508313483e+00 1.360487094288733052e-02 1.080749965832700221e+00 1.834376757023307644e-02 1.059392429607888930e+00 1.061487155174719588e+00 1.594955713345950696e-02 1.071179355119007637e+00 1.065854031507143418e+00 9.222248818883524088e-04 1.828469821000439782e-02 1.074362102284770470e+00 5.094815031941599473e-03 1.079881064349786035e+00 8.805859398929982013e-03 3.908536051228914121e-03 1.311743080384959390e-02 8.457269445632924557e-03 1.556607679468223655e-03 1.073153388664430219e+00 1.062018034082770734e+00 1.063440627039106356e+00 2.072468558923596868e-02 3.254698959151410952e-03 1.076932762702348834e+00 2.543549312830200096e-03 1.080852376121635539e+00 1.665305970205187280e-02
1.071787997378196744e+00 1.069996449276321204e+00 1.026273245574448219e-02 5.570262795804808639e-03 1.064362222803174829e+00 1.074892469380954729e+00 1.065949643326643992e+00 1.048561963521125628e+00 1.082784000811096492e+00 1.223525544364327099e-03 1.444922758533424183e-03 2.206417958105338136e-03 1.988568228196355148e-02 9.302270849073460482e-03 1.067823098265042070e+00 4.687701406191847366e-03 1.068728582574287822e+00 1.065577575114069697e+00 0.000000000000000000e+00 1.075023677690481128e+00 7.908827106460600970e-03 2.095913919370034559e-03 3.258855126987492308e-03 1.052953610181715627e+00 1.585834022486859105e-02 1.082435600798377751e+00 6.482190849822907878e-03 4.283455614254705508e-03 1.080219641743517478e+00 5.849813006670120767e-03 2.887692083124479927e-04 1.064828533454572845e+00 1.082380982899580735e+00 9.180880215908434130e-03 1.070261366736507513e+00 1.495921125323077319e-02 1.073622210341700134e+00 1.069151283426946542e+00 1.053387722822378691e+00 1.073290342972172295e+00 1.064120995296771177e+00 7.929560705716926297e-03 3.736486458562844615e-03 2.251483336033292641e-03 1.084637219376392014e+00 1.068559594245443556e+00 1.186796664279579638e-02 1.063203868109773520e+00 1.596602784860925994e-02 1.080890431980309874e+00
3.584553286340940847e-03 5.504878699377434813e-03 1.084834944213356911e+00 1.080337626571250764e+00 1.158664438196658521e-02 5.326055927274842960e-04 9.801453316301287147e-03 2.810868368864568798e-02 8.404393365906141777e-03 1.076194077948177341e+00 1.073648148502819089e+00 1.077118298038487465e+00 1.094035097728344841e+00 1.066150986627457220e+00 7.862678590135558157e-03 1.079496668856698482e+00 6.864345813931719761e-03 1.032445749272794394e-02 1.075023677690481128e+00 0.000000000000000000e+00 1.082582411830957936e+00 1.073025764576972740e+00 1.071916196253653419e+00 2.389578567913429319e-02 1.090178313110947483e+00 8.035872266123834234e-03 1.068846007656424346e+00 1.070938118260404082e+00 5.637365084126775075e-03 1.080618940474965317e+00 1.075299866926365810e+00 1.103081666185675921e-02 7.968970130837881027e-03 1.083797822291654667e+00 5.240454665091118756e-03 1.089310301615180610e+00 1.521932716210276128e-03 6.419185887559595259e-03 2.340850490554172506e-02 1.869321200495578867e-03 1.186095863661004376e-02 1.082590431332268066e+00 1.071468450513142878e+00 1.072889366079661899e+00 1.040974301291946839e-02 7.072654099137571683e-03 1.086365486662681512e+00 1.282287417421176107e-02 1.090280576482965724e+00 6.344771923733235654e-03
1.079349858183269451e+00 1.077559895349635033e+00 2.360348192914637350e-03 2.339285090415460251e-03 1.071930688205388282e+00 1.082451521431130770e+00 1.073516377278475042e+00 1.056141140905617393e+00 1.090335758913534292e+00 6.703855011133616482e-03 9.351866939533116582e-03 5.703931697696032650e-03 1.197763887421568821e-02 1.720991828149470715e-02 1.075388533997409413e+00 3.223293426730762610e-03 1.076293125004631035e+00 1.073145172459906593e+00 7.908827106460600970e-03 1.082582411830957936e+00 0.000000000000000000e+00 1.000237115074364795e-02 1.116667702253552538e-02 1.060532068044170328e+00 7.949838380120784545e-03 1.089987628236011252e+00 1.439086231939912253e-02 1.219148040122005131e-02 1.087773652499703259e+00 2.059638264923605976e-03 7.623687510238379844e-03 1.072396348912186603e+00 1.089933092089325539e+00 1.285330216114769419e-03 1.077824651578579207e+00 7.050728009689075960e-03 1.081182175252264122e+00 1.076715492892619475e+00 1.060965699545568297e+00 1.080850578148289554e+00 1.071689732038508591e+00 2.370955753954143044e-04 1.164419662718539465e-02 1.015764533535148950e-02 1.092187310799670019e+00 1.076124396584186238e+00 3.960885495020403935e-03 1.070773292431589807e+00 8.057935813187264498e-03 1.088443948611379275e+00
1.069789295874528312e+00 1.067997321673521682e+00 1.235412342048491756e-02 7.663558135874683902e-03 1.062361747487108765e+00 1.072894515717079722e+00 1.063949588558715575e+00 1.046558614748100080e+00 1.080787964768705312e+00 3.302431566575375361e-03 6.625734737616181119e-04 4.301443280679858976e-03 2.197779545690240963e-02 7.208783586745514879e-03 1.065823444372121953e+00 6.781900694159676349e-03 1.066729159142390415e+00 1.063577355086541498e+00 2.095913919370034559e-03 1.073025764576972740e+00 1.000237115074364795e-02 0.000000000000000000e+00 1.170412256523435971e-03 1.050950437902218093e+00 1.795165776660990337e-02 1.080439494044924453e+00 4.390212519522354931e-03 2.192292150764374274e-03 1.078222998971712476e+00 7.943054686441176210e-03 2.381681046847803490e-03 1.062828205936436010e+00 1.080384838078034315e+00 1.127208469158710348e-02 1.068262289783465047e+00 1.705251902652377485e-02 1.071623982637981420e+00 1.067151953514046125e+00 1.051384679882860995e+00 1.071292035397794606e+00 1.062120455157467447e+00 1.002085462465223190e-02 1.643880604314371672e-03 1.756643199506063369e-04 1.082641611349176358e+00 1.066560110112453996e+00 1.396007468777674988e-02 1.061203125481557707e+00 1.805902219817073773e-02 1.078893929753203862e+00
1.068679223172961157e+00 1.066887006215064382e+00 1.351915872538843148e-02 8.828339770212670704e-03 1.061250664143305489e+00 1.071784875975822171e+00 1.062838792905883123e+00 1.045445906467461272e+00 1.079679466304983348e+00 4.467724757951290447e-03 1.814926912976483168e-03 5.464935440363839769e-03 2.314322513329747366e-02 6.043681580834204918e-03 1.064712820567766505e+00 7.946452969034741021e-03 1.065618678059039315e+00 1.062466394508313483e+00 3.258855126987492308e-03 1.071916196253653419e+00 1.116667702253552538e-02 1.170412256523435971e-03 0.000000000000000000e+00 1.049837835157563681e+00 1.911645222370872074e-02 1.079330955519610447e+00 3.225127348073256791e-03 1.024833351128668192e-03 1.077114155956257813e+00 9.107822610515610082e-03 3.545384228175747342e-03 1.061717238669004582e+00 1.079276288089767055e+00 1.243718762526313353e-02 1.067151995116256247e+00 1.821729464415334024e-02 1.070514222152971318e+00 1.066041520028943035e+00 1.050272153924824758e+00 1.070182235598542420e+00 1.061009327714172779e+00 1.118747904152867824e-02 4.809831304566525192e-04 1.011721166508776750e-03 1.081533372111624702e+00 1.065449584186907606e+00 1.512513387409165910e-02 1.060091899167953766e+00 1.922422186654119264e-02 1.077785157150946027e+00
2.035436572906408267e-02 1.841828559980751220e-02 1.062790377749718518e+00 1.058281731832859451e+00 1.232334776926816665e-02 2.371926791335349574e-02 1.409541945053384253e-02 4.409607977199137864e-03 3.229809208169041185e-02 1.054126622865972251e+00 1.051574382243326777e+00 1.055054089160806230e+00 1.072014415280870381e+00 1.044057277960369401e+00 1.605883900948737453e-02 1.057438469758209099e+00 1.705269905980229955e-02 1.360487094288733052e-02 1.052953610181715627e+00 2.389578567913429319e-02 1.060532068044170328e+00 1.050950437902218093e+00 1.049837835157563681e+00 0.000000000000000000e+00 1.068147803550812736e+00 3.192875939818864972e-02 1.046759269653236402e+00 1.048857161541583149e+00 2.953129804736955369e-02 1.058563348356250655e+00 1.053230414023503148e+00 1.286553619606000017e-02 3.186435761718987153e-02 1.061750644652656117e+00 1.869248131005828498e-02 1.067277800580754166e+00 2.238216930237791474e-02 1.750249091807131938e-02 4.934547952387677901e-04 2.202818857027448798e-02 1.205386748511877958e-02 1.060540427919688833e+00 1.049388675061331044e+00 1.050813309368438864e+00 3.430534722719030816e-02 1.685159832763426582e-02 1.064325040994762439e+00 1.108231321348774993e-02 1.068250358896145169e+00 3.023750856594557140e-02
1.086948887092456406e+00 1.085160520306408083e+00 5.603105654345644226e-03 1.028830713930360859e-02 1.079536364110308400e+00 1.090047725609950335e+00 1.081120327887385990e+00 1.063757600909744694e+00 1.097924632186950689e+00 1.465249767291077788e-02 1.730166116820166036e-02 1.365293594711585075e-02 4.031787631223671640e-03 2.515960744383493458e-02 1.082991158467865089e+00 1.117124557323027033e-02 1.083894852417868426e+00 1.080749965832700221e+00 1.585834022486859105e-02 1.090178313110947483e+00 7.949838380120784545e-03 1.795165776660990337e-02 1.911645222370872074e-02 1.068147803550812736e+00 0.000000000000000000e+00 1.097576770421775816e+00 2.234043628219543193e-02 2.014124356930012752e-02 1.095364794538164155e+00 1.000879204808075539e-02 1.557289010693898267e-02 1.080001379208770373e+00 1.097522329923859896e+00 6.684143741905303714e-03 1.085425111844191548e+00 8.997670301093573832e-04 1.088779305934272967e+00 1.084316885104094075e+00 1.068580947374828449e+00 1.088447984672948676e+00 1.079295676690824601e+00 7.933938882908055448e-03 1.959385146631196714e-02 1.810726555231574955e-02 1.099774518749175423e+00 1.083726382786942333e+00 3.995406728889282222e-03 1.078379937899307528e+00 1.269092733958059407e-04 1.096034592667892049e+00
1.158564036954542673e-02 1.352026132035024329e-02 1.092238233375994572e+00 1.087744733474374392e+00 1.961385609232469546e-02 8.221159036978228224e-03 1.783601399548598310e-02 3.612991126168504236e-02 3.724409729477793957e-04 1.083605146867688607e+00 1.081061340784461811e+00 1.084528220437563029e+00 1.101430245099247474e+00 1.073570989794753405e+00 1.588205073574729814e-02 1.086904541146623382e+00 1.488468520046204273e-02 1.834376757023307644e-02 1.082435600798377751e+00 8.035872266123834234e-03 1.089987628236011252e+00 1.080439494044924453e+00 1.079330955519610447e+00 3.192875939818864972e-02 1.097576770421775816e+00 0.000000000000000000e+00 1.076263603769982424e+00 1.078353761725455273e+00 2.399950626409935728e-03 1.088025942012883718e+00 1.082711573402797889e+00 1.906357883957787713e-02 2.238813045931465425e-04 1.091201999580570181e+00 1.324970189676861337e-02 1.096709440763747878e+00 9.546888561995550693e-03 1.443666117031147320e-02 3.144107550131897827e-02 9.901479540080386152e-03 1.988647680489632683e-02 1.089995531716148269e+00 1.078883693419824930e+00 1.080303347208238840e+00 2.387368693139216985e-03 1.508968378080735931e-02 1.093767361456406961e+00 2.085266580251390889e-02 1.097678935134377198e+00 1.694911560180685376e-03
1.065607697124816511e+00 1.063814808453230620e+00 1.674360440479072398e-02 1.205234313952850515e-02 1.058176337604774586e+00 1.068714542137138457e+00 1.059765211401573648e+00 1.042367034489773747e+00 1.076612230011532390e+00 7.691332501215949330e-03 5.039565006649533545e-03 8.688171393182536617e-03 2.636733577607908857e-02 2.823398029848224119e-03 1.061639777029009357e+00 1.116965216274989382e-02 1.062546015013998257e+00 1.059392429607888930e+00 6.482190849822907878e-03 1.068846007656424346e+00 1.439086231939912253e-02 4.390212519522354931e-03 3.225127348073256791e-03 1.046759269653236402e+00 2.234043628219543193e-02 1.076263603769982424e+00 0.000000000000000000e+00 2.200769261445573947e-03 1.074045966414804543e+00 1.233173933452828483e-02 6.767749660061447327e-03 1.058643192357102247e+00 1.076208909669358782e+00 1.566161686650624149e-02 1.064079863859243025e+00 2.144134909634831665e-02 1.067443505727733832e+00 1.062968997848821040e+00 1.047193791025828657e+00 1.067111407375442411e+00 1.057934883126762760e+00 1.441031665530888295e-02 2.747848903926610430e-03 4.234592046797854351e-03 1.078466849710856712e+00 1.062376808747342416e+00 1.834948955598059150e-02 1.057017169097528075e+00 2.244803489225944207e-02 1.074717175519818158e+00
1.067700737884862638e+00 1.065908312052604945e+00 1.454379912773312231e-02 9.853093669071029750e-03 1.060271308721249195e+00 1.070806760180206485e+00 1.061859661723638659e+00 1.044465141969867172e+00 1.078702307779485281e+00 5.491841379079961775e-03 2.839743840233835675e-03 6.489561399617025696e-03 2.416792832623989098e-02 5.018962102808110191e-03 1.063733864919964578e+00 8.971129898509597883e-03 1.064639839418467737e+00 1.061487155174719588e+00 4.283455614254705508e-03 1.070938118260404082e+00 1.219148040122005131e-02 2.192292150764374274e-03 1.024833351128668192e-03 1.048857161541583149e+00 2.014124356930012752e-02 1.078353761725455273e+00 2.200769261445573947e-03 0.000000000000000000e+00 1.076136700666333601e+00 1.013257561801291819e-02 4.569753430556966999e-03 1.060737966495798323e+00 1.078299081700043072e+00 1.346181207862594438e-02 1.066173322743598995e+00 1.924208486001368484e-02 1.069535983565002679e+00 1.065062725521355835e+00 1.049291544028473577e+00 1.069203960812090459e+00 1.060029937221311336e+00 1.221194226852022162e-02 5.498834139674818556e-04 2.035111799996017819e-03 1.080556431184455768e+00 1.064470711958152682e+00 1.614984695322398828e-02 1.059112416598253059e+00 2.024897669101452871e-02 1.076807767282891737e+00
9.192351604423623646e-03 1.112570952380054386e-02 1.090024822775103708e+00 1.085530198461591489e+00 1.721768021124266829e-02 5.830645961558808023e-03 1.543766442476326647e-02 3.373510645731962049e-02 2.767790809136126597e-03 1.081389435532847276e+00 1.078845005292671022e+00 1.082312854729170049e+00 1.099219244017707098e+00 1.071352636603636332e+00 1.348733903350569051e-02 1.084689781647941054e+00 1.248956518531927316e-02 1.594955713345950696e-02 1.080219641743517478e+00 5.637365084126775075e-03 1.087773652499703259e+00 1.078222998971712476e+00 1.077114155956257813e+00 2.953129804736955369e-02 1.095364794538164155e+00 2.399950626409935728e-03 1.074045966414804543e+00 1.076136700666333601e+00 0.000000000000000000e+00 1.085811438404372442e+00 1.080495679313783652e+00 1.666592401446236743e-02 2.339006570006150598e-03 1.088988326010469354e+00 1.085617804752839373e-02 1.094497263502699491e+00 7.149659034114692023e-03 1.204199758665698908e-02 2.904367535854334575e-02 7.503302032022504328e-03 1.749081999181120728e-02 1.087781589440772079e+00 1.076666750517438764e+00 1.078086776516981038e+00 4.776277238728717130e-03 1.269534096519334132e-02 1.091554370289487874e+00 1.845578473546282197e-02 1.095466988421149424e+00 7.184937702492415115e-04
1.077385564861508049e+00 1.075595179803600754e+00 4.414926146048573849e-03 2.837612256985452440e-04 1.069964635458867663e+00 1.080487974921273020e+00 1.071550776372517833e+00 1.054172227972259623e+00 1.088374144689689071e+00 4.645240493843892128e-03 7.293140855966660438e-03 3.645568430399314351e-03 1.403602654610566595e-02 1.515098947386087948e-02 1.073423290010550923e+00 1.166544661418173531e-03 1.074328116694867941e+00 1.071179355119007637e+00 5.849813006670120767e-03 1.080618940474965317e+00 2.059638264923605976e-03 7.943054686441176210e-03 9.107822610515610082e-03 1.058563348356250655e+00 1.000879204808075539e-02 1.088025942012883718e+00 1.233173933452828483e-02 1.013257561801291819e-02 1.085811438404372442e+00 0.000000000000000000e+00 5.564536720658974471e-03 1.070430462578697339e+00 1.087971382865503323e+00 3.334095212132433175e-03 1.075859980516197689e+00 9.109733699198943602e-03 1.079218378061051586e+00 1.074750574496931899e+00 1.058997107227120926e+00 1.078886708035898367e+00 1.069723608176222029e+00 2.086154249666441821e-03 9.585092148766561487e-03 8.098584065155775558e-03 1.090226138036487047e+00 1.074159321017849944e+00 6.018719998600341806e-03 1.068806982572183539e+00 1.011645878449684774e-02 1.086481867915886967e+00
1.072064276894247214e+00 1.070272779210882819e+00 9.978036943273402987e-03 5.285114527874757405e-03 1.064638711177765762e+00 1.075168661121646885e+00 1.066226084597821977e+00 1.048838783048392287e+00 1.083059966041209465e+00 9.480865578988515764e-04 1.732302627436077070e-03 1.921204741464454429e-03 1.960038179105503750e-02 9.588397514725040607e-03 1.068099489599286800e+00 4.401924416726165495e-03 1.069004946788582711e+00 1.065854031507143418e+00 2.887692083124479927e-04 1.075299866926365810e+00 7.623687510238379844e-03 2.381681046847803490e-03 3.545384228175747342e-03 1.053230414023503148e+00 1.557289010693898267e-02 1.082711573402797889e+00 6.767749660061447327e-03 4.569753430556966999e-03 1.080495679313783652e+00 5.564536720658974471e-03 0.000000000000000000e+00 1.065105004409017120e+00 1.082656964081876172e+00 8.896263213023062472e-03 1.070537690305072731e+00 1.467381872849331248e-02 1.073898433876008918e+00 1.069427636962175576e+00 1.053664510161896883e+00 1.073566577160980806e+00 1.064397490094751264e+00 7.643749401452210913e-03 4.022614938024931044e-03 2.538042012445664193e-03 1.084913137632770974e+00 1.068835965220353845e+00 1.158297404983063029e-02 1.063480389063459874e+00 1.568047727642909658e-02 1.081166452860680360e+00
7.496578538196745252e-03 5.563246856700745056e-03 1.074651554232796125e+00 1.070149007778141037e+00 6.606158531957042213e-04 1.085785492531691869e-02 1.241807630239164179e-03 1.710105926484845051e-02 1.943275604200992573e-02 1.066000149745224279e+00 1.063451304570213418e+00 1.066925846723870919e+00 1.083862701728965927e+00 1.055944972542971927e+00 3.219061258535855542e-03 1.069306983974418257e+00 4.200961779869036988e-03 9.222248818883524088e-04 1.064828533454572845e+00 1.103081666185675921e-02 1.072396348912186603e+00 1.062828205936436010e+00 1.061717238669004582e+00 1.286553619606000017e-02 1.080001379208770373e+00 1.906357883957787713e-02 1.058643192357102247e+00 1.060737966495798323e+00 1.666592401446236743e-02 1.070430462578697339e+00 1.065105004409017120e+00 0.000000000000000000e+00 1.899939042778747700e-02 1.073613229500480770e+00 5.840047476227700624e-03 1.079132450929499276e+00 9.516814119784642451e-03 4.651080191403964004e-03 1.237822669522264593e-02 9.162854008383874982e-03 9.251233647768240071e-04 1.072404526835856631e+00 1.061268844705985703e+00 1.062691472850074259e+00 2.144024968941285123e-02 4.006445058598935571e-03 1.076183989422107690e+00 1.814170888542506431e-03 1.080103778265411041e+00 1.737214576584381054e-02
